0 23
0 87
0 96
1 34
1 54
2 21
2 44
2 46
2 48
3 10
3 37
3 56
4 18
4 79
4 81
4 87
4 97
5 64
5 83
6 48
6 53
6 66
6 71
6 81
6 85
7 18
7 27
7 29
7 43
7 68
8 47
8 56
8 67
8 70
8 78
9 17
9 59
9 82
9 95
10 24
10 43
11 19
11 52
11 89
12 37
12 85
12 87
13 62
13 65
14 31
14 34
14 59
15 39
15 88
16 35
16 69
16 97
17 29
17 38
17 39
18 28
18 34
18 46
18 54
18 84
18 99
19 97
19 98
20 72
20 86
21 38
21 44
21 55
21 57
21 70
22 27
22 29
22 39
22 69
23 29
23 69
24 44
24 83
24 98
25 51
25 67
25 73
26 66
26 77
26 98
27 32
27 47
27 52
28 45
28 49
28 52
29 30
29 36
29 41
29 58
29 63
29 78
29 84
30 37
30 46
30 90
31 46
31 47
31 67
31 92
32 39
32 48
32 78
32 83
32 88
33 34
33 60
33 78
33 94
34 51
34 66
34 76
35 50
35 86
36 43
36 44
36 98
37 54
37 86
38 53
38 72
38 86
38 97
40 75
40 81
41 73
42 54
42 75
43 66
43 73
44 48
45 50
45 73
45 87
45 98
46 49
47 57
47 58
47 62
47 80
48 64
48 71
49 71
49 88
50 68
50 72
50 77
51 59
51 74
51 78
51 81
51 82
52 77
53 89
54 62
55 62
55 66
55 88
55 89
56 96
57 64
57 85
57 87
57 97
57 98
58 60
59 68
59 93
61 81
61 89
61 90
62 96
63 80
63 84
63 96
64 72
64 78
64 94
64 95
65 75
66 71
66 91
67 85
68 85
68 91
68 92
69 70
69 75
69 95
71 90
72 78
74 82
76 82
76 99
77 80
77 89
77 96
80 82
83 90
83 97
84 89
84 92
85 91
85 92
87 91
87 98
89 93
92 95
